-39.2857 -61.2143 -61.2143 -44 -48.6429 -54.2143 4.5165 5.2686 
-41.3846 -60.9333 -59.8462 -42.4 -47.7692 -61.4 1.19 1.38 
-41.7143 -65.5 -60.7143 -41.8667 -46.8462 -60.6429 5.5492 1.2757 
-38.2143 -60.0667 -60.2143 -42.6429 -47.5 -53.4615 1.5901 5.3472 
-41.1333 -60.1538 -62.4615 -42.2667 -46.5714 -55.1429 1.0075 5.1831 
-38 -58.3333 -60.2857 -42.6364 -47.7333 -52.5714 0.75197 6.44 
-41.7692 -64.7857 -60.2143 -42.5333 -46.1429 -59.3571 8.7075 3.8582 
-41.6667 -66.5 -60.7333 -41.6667 -46.4 -58.7333 2.7409 5.597 
-38.9286 -59.8462 -61 -43.8667 -48.3571 -53.5714 5.24 5.09 
-40.2143 -60.1429 -60.0714 -44.2143 -48.1429 -55.0714 3.6122 5.4918 
-41.9286 -62.2 -59.6429 -42.6923 -47.7857 -61 1.7104 0.33508 
-39.9286 -59.8571 -61.3846 -44.2667 -47.9286 -56.3571 1.4947 0.35522 
-40.3571 -61.3571 -60.7143 -43.7143 -49.2143 -54.8571 4.0631 5.3805 
-37.4286 -58.9286 -59.5 -42.7143 -46.5 -54.5714 9.8787 4.5505 
-40 -61.2857 -61.4286 -43.7857 -48.2143 -54.9286 5.24 5.09 
-41.7143 -66.5333 -59.8571 -42.4667 -46.7692 -60.4615 10.025 5.0069 
-39.5714 -59.8 -59.6923 -44.2667 -48.7143 -54.0769 5.24 5.09 
-39.9286 -58.9286 -61.3571 -43.7857 -48.7857 -56.2143 9.8211 6.3848 
-37.7143 -58.9286 -60.4286 -43 -47.4286 -53.2857 0.62062 6.7539 
-42.7857 -61.3846 -60.4286 -47.4 -48.6 -55.6154 5.24 5.09 
-41.6 -70.8333 -62.1333 -41.9333 -46 -61.0714 9.7901 6.1507 
-41.5385 -62.6667 -59.6 -42.3571 -47.5 -61.4615 1.19 1.38 
-40 -58 -60.2857 -44.0714 -48.1429 -56 9.9991 7.1582 
-38.9286 -59.8462 -61.1429 -43.4667 -47.7857 -56.1429 6.1454 1.8381 
-40.1429 -61.7857 -61.4667 -44.1538 -48.2143 -56.5 2.3627 0.2659 
-41.6154 -63.6667 -61.6429 -42 -45.8 -58.6667 0.53 6.87 
-39.8667 -63.6923 -60.2143 -43.8571 -47.2857 -56.7857 2.8238 0.2188 
-40.7857 -61.7857 -60.8571 -44.1333 -48.3077 -55.9286 8.6 3.8062 
-41.7857 -62.3571 -59.8571 -41.9286 -48 -61.2857 1.5067 0.3541 
-41 -60.9333 -59.2857 -42.5385 -47.3571 -61.5 3.5149 0.31554 
-38.5 -59.5 -60.6429 -43.5714 -48 -55.5714 2.1999 5.8979 
-41.4667 -65.1 -60.3333 -42.3333 -46.8667 -59.9286 1.19 1.4016 
-39.2857 -61.5 -61.5 -44.3571 -48.1429 -55.5 2.401 5.7809 
-40.3571 -62 -60.3571 -43.9286 -48.2857 -54.2143 2.45 2.8296 
-41.2857 -64.5 -60.2143 -42.2143 -47.1429 -60.2143 4.7845 0.86612 
-40.2857 -62.0714 -60.4286 -44.5 -48.1429 -56.2143 8.6 3.8062 
-39.7143 -60.2143 -59.7857 -43.9286 -48.6429 -54.6429 5.24 5.09 
-41.4 -69.5 -59.4 -42.9333 -46.7333 -59.2 8.5778 3.7954 
-41.3333 -70.9091 -60.1429 -43.2857 -46.8667 -59.4667 8.6 3.8062 
-41.5333 -66 -61.5714 -43.5 -45.5714 -59.7143 3.078 3.4338 
-41.5 -67.5385 -59.2857 -43.2143 -46.9286 -60 6.4311 2.1254 
-39.0714 -61.0667 -59.6923 -44.5 -48 -54.2857 0.72096 6.7588 
-41.5333 -69.5 -59.5714 -42.1333 -46.0667 -61.1333 10.112 6.3824 
-40.0714 -61.2143 -60.0714 -44.2857 -49.6429 -56.9286 1.19 2.88 
-39.9286 -62 -60.9231 -43.4667 -48.9286 -54 4.2898 5.3246 
-41.8462 -63.1429 -60 -41.8571 -47.0714 -58.3571 2.218 5.8873 
-41.6429 -67.6429 -60.2143 -42.6429 -46.7857 -59.7857 6.1592 1.852 
-40.5714 -65.0769 -61.3571 -44.0714 -48.9286 -56.6 1.6981 0.33622 
-39.9286 -57.7143 -60.3571 -44.3571 -48.2857 -56.2857 9.9412 7.0176 
-37.7143 -60.7143 -60.3846 -42.8667 -47.6429 -52.6429 0.80611 5.4426 
-41.8667 -62.3077 -59.8571 -42.7857 -47.7857 -61 1.3504 0.41745 
-38.0714 -59.8 -60.3333 -43.6429 -47.8462 -56.5385 8.9896 3.9949 
-42.6429 -61.5333 -61.6429 -50 -48.1429 -55.4615 5.24 5.09 
-41.6429 -64.0769 -61.2143 -41.7143 -46.2857 -59.3333 3.0968 4.5933 
-41.5 -62.0714 -59.7857 -42.2857 -44.9286 -56.5714 1.19 2.8307 
-41.4 -65.8 -62.2667 -42.0714 -47.0667 -56.0667 0.80571 6.1534 
-41.4286 -66.4615 -60.7857 -42.2667 -47 -54.3571 4.2667 5.3303 
-42.0714 -65.3077 -60.1429 -42.5333 -46.5 -59.5714 10.047 5.2308 
-40.2143 -61.6154 -60.8667 -43.8667 -47.9231 -56.8571 3.716 0.38313 
-41.7143 -68.0833 -60.8 -43.2857 -46 -59.2667 3.0818 3.6659 
-41.6667 -69.5 -60.5714 -42.5333 -45.2 -58.6667 1.19 2.88 
-38.9333 -61.1429 -60.8462 -43.6429 -47.2308 -54.8667 1.19 1.6648 
-41.7143 -60 -60.8462 -42.6429 -47.7143 -61.4 1.19 1.38 
-40.5 -63.6429 -61.3571 -43.9286 -48.0714 -56.9286 2.593 0.24099 
-40 -61.1429 -59.1429 -43.5 -48.5714 -56 1.193 2.8797 
-41.5714 -63.0667 -59.2667 -42.5714 -46.5385 -57.7692 1.19 2.1056 
-38.1429 -57.4286 -59.8571 -43.4286 -46.5 -55.4286 10.098 6.1341 
-37.7143 -59.7333 -60.2308 -42.8571 -47.4286 -53.2857 0.53 6.87 
-39.5714 -59.9286 -60.4286 -43.7857 -48.2857 -54.2143 5.24 5.09 
-41.5714 -64.6 -60.7857 -42.0769 -45.5 -56.9286 1.19 2.88 
-39.1538 -60.2667 -61.0769 -43.9333 -48.7143 -54.6429 1.7984 6.1316 
-40.1429 -62 -59 -44.2143 -47.9231 -55.9231 1.19 2.88 
-41.5714 -67.6429 -59.9286 -42.1429 -46.1538 -61.5333 10.0709 7.2364 
-40 -58.7143 -61.2667 -44 -49.1538 -56.1538 9.8059 6.2697 
-41 -65.5385 -60.4286 -42.8571 -45.8571 -59.0714 1.19 1.5179 
-40.4667 -61.3846 -61.9286 -44.1429 -48 -57.2143 1.3451 0.42555 
-37.6667 -59 -60.1538 -43.0714 -47.9286 -53.5714 0.53 6.87 
-41.0714 -68.625 -61.2667 -43.5333 -46.2 -57.7333 2.9663 3.0509 
-41.2 -63.1667 -60.0714 -42.5333 -46.1429 -55.2857 1.3653 5.2144 
-41.2 -63.7692 -59.5 -42.4 -46.0667 -57.1429 1.19 2.7169 
-37.9286 -62.2857 -61.0714 -45.7692 -48 -54.2857 5.24 5.09 
-39 -60 -59.6923 -43.8667 -47.5 -55.5714 6.6356 2.3311 
-39.2857 -61.7143 -61.8667 -43.7692 -48.0714 -56 4.1368 0.56906 
-41.4 -64.0769 -60.7143 -42.2143 -46.4 -59.6923 1.19 1.6391 
-39.9231 -59.2143 -59.2857 -43.5714 -47.5714 -55.2 1.19 2.88 
-40.6667 -62.75 -61.0667 -43.0667 -45.6667 -57.5333 0.53 6.87 
-40 -61 -61.5 -43.7143 -48 -56.0714 1.19 2.1209 
-39.7143 -59.4286 -60.5714 -43.4286 -49.0714 -53.4286 5.0894 5.1272 
-40.9333 -63.3077 -60.2143 -42.0714 -46.6429 -55.9286 4.04 5.3862 
-38.0714 -59.7857 -59.4615 -42.7333 -47.2143 -53.7857 0.53 6.87 
-40 -58 -61.1429 -44.4286 -48.2857 -55.9286 10.0747 7.2388 
-41.0667 -61.6429 -61.6429 -47.2308 -46.7143 -54.4286 5.24 5.09 
-40.0769 -60.6429 -59.4286 -44.7143 -47.5 -56.8 1.19 2.582 
-37.8571 -59.0714 -60.1538 -42.8667 -48 -53.5714 0.53 6.87 
-38.6429 -57.6429 -59.8571 -42.9286 -47 -55.3571 8.1435 3.5851 
-39.1429 -62.4167 -60.8462 -44 -47.3571 -56.3571 1.19 1.2679 
-41.4615 -61.0714 -60 -42.6667 -47.7143 -61.5714 1.19 1.38 
-41.5 -65.6667 -59.5 -42.2 -46.1429 -61 10.0728 5.6879 
-38.7857 -63 -61.2857 -43.3571 -47.2143 -55.2143 1.19 1.4117 
-40.0714 -62.2857 -60.2143 -43.7143 -48.4286 -53.5714 3.0896 4.1494 
-40.7143 -62.7143 -62.2857 -42 -47.4286 -59.2143 0.53 6.87 
-41.4667 -62 -61.6923 -41.8667 -46.7143 -57.3077 0.53 6.87 
-40.8 -64.0769 -61.6429 -42.3846 -45.5333 -62.2857 9.8473 6.5822 
-41.6429 -64.5 -60.4286 -41.5333 -46.0714 -58.7692 8.6038 3.808 
-41.7857 -62.25 -61.8667 -42.6429 -46.1333 -57.0714 0.53 6.87 
-41.5 -65.0769 -58.6429 -43 -46.5 -60 7.2993 2.9945 
-41.3333 -67.8462 -59.4286 -42.0714 -45.5714 -59.9286 9.1082 4.0523 
-38.2857 -57.7143 -59.8571 -43.6429 -46.9286 -55.7857 10.0849 5.902 
-41.5 -61.7857 -59.6429 -42 -46.4286 -56.6429 1.19 2.88 
-39.4286 -58.5 -60.9286 -44.6667 -48.5714 -56.3846 10.1263 7.1883 
-40.0714 -60.8667 -59.6154 -44.2143 -48 -56.4286 1.19 2.88 
-41.6 -63.7857 -59.6154 -42.0714 -47.1429 -60.5714 4.1509 0.57555 
-41.6667 -70.5 -60.2667 -42.2667 -46.4667 -61.4 10.125 6.6136 
-41.0714 -59.5 -62.2 -42.1429 -46.2143 -58.6923 0.53 6.87 
-41.2857 -71.6429 -60 -41.8571 -46 -61.4286 10.1281 6.668 
-41.8667 -64.0714 -59.8462 -42 -47.4286 -61.0714 2.3756 0.2645 
-38.0714 -59.5 -59.6667 -42.7143 -47.3846 -53.1429 1.7849 5.4632 
-41.4286 -61.9286 -60.0714 -42 -47.4286 -61.7857 1.19 0.92526 
-40 -62.2 -60.9333 -44.8333 -47.6 -55.9333 8.6 3.8062 
-39 -58.5714 -61.2857 -43.8571 -48.1429 -55.0714 2.8104 5.5599 
-41.6667 -67.875 -62.8571 -41.9333 -47.2667 -57 3.1005 4.8221 
-41.9333 -64.4667 -59.4615 -43.3077 -46.1429 -59.3571 7.6109 3.2745 
-41.2857 -60.7857 -59.5 -41.7857 -46.9286 -57.7143 1.0208 6.5843 
-41.6667 -71.3 -59.4 -42.2667 -46.1429 -59.3333 9.6296 4.3078 
-41.8667 -68.9231 -61.2857 -41.9286 -46.2857 -57.2857 1.7656 2.8386 
-41.8571 -64.0769 -59.2143 -42.2667 -46.6429 -61.5 3.806 0.42118 
-40.2857 -61.5714 -59.9286 -44.5 -48.2857 -55.6429 2.002 2.8282 
-39.2667 -59.3571 -60.6 -43.75 -48.2667 -54.3846 2.9495 5.418 
-39.5385 -59.6 -60.4 -44.2 -48.7692 -53.5385 5.24 5.09 
-41.7857 -60.9286 -59.8571 -42.1429 -45.7857 -57.4286 0.57238 6.8157 
-41.4286 -66.9286 -59.8571 -43 -46.3571 -58.9231 8.4745 3.7454 
-41.7143 -62.5714 -60.5714 -42.6429 -48.6429 -58 1.4173 6.3535 
-41.4667 -65.8462 -60.7857 -42.2143 -45.6429 -59.4286 1.19 2.88 
-37.6429 -61.9333 -59.8571 -42.9286 -47.8571 -53.2308 0.86486 5.2302 
-39.6429 -60.7143 -60.5385 -43.9333 -47.3571 -56.0714 3.2817 0.24543 
-39.2857 -60.5 -61.0714 -43.3846 -48 -55.2143 1.9994 6.0146 
-41.3333 -67.7 -60.1429 -43.1333 -47 -58.1333 3.0855 3.8979 
-41.9286 -68 -59.7857 -42.4667 -46.6429 -60.1429 8.6 3.8062 
-39.2857 -59.6154 -60.7333 -42.8571 -46.9286 -53.9286 0.80195 6.1237 
-41.2857 -67.3333 -61 -43.3571 -46.5333 -57.3333 2.4331 2.8268 
-38 -58.7143 -59.2857 -43.4286 -47 -54.4286 10.0232 4.9896 
-38.7857 -59.8571 -60 -42.9231 -46.6429 -55.6667 8.4635 3.7401 
-41.9286 -67.4615 -59 -43 -47.0714 -60 8.5844 3.7986 
-41.7857 -65 -60.6923 -42 -44.5 -57.2857 0.64636 6.7196 
-39 -60.9286 -61.5714 -44.2857 -47.8571 -56.8571 4.5575 0.76199 
-39 -61.0769 -61.4 -43.6 -48.9286 -55.8462 2.6058 5.6694 
-41.4 -72 -59.6 -41.6 -46.2 -60.8 10.15 7.0734 
-41.8 -69 -59.7143 -43.0714 -46.7143 -60.7333 6.8122 2.5087 
-39.1429 -61.1429 -59.5 -42.9231 -46.6667 -55.7857 7.9401 3.4859 
-37.5714 -60.2308 -59.0714 -42.8 -47.2143 -53.5714 0.67469 6.7858 
-41.4667 -65 -59.8667 -42.5 -47.7143 -57.7857 2.8275 5.5507 
-41.6429 -66.9286 -61.3571 -42.2667 -46.3571 -57.4615 1.9854 2.8287 
-39.4286 -60.7857 -60.0769 -42.7333 -47.2143 -53.7857 0.76958 5.8962 
-37.5 -60.5 -61.2143 -43.1429 -46.4286 -54.7143 1.19 1.38 
-37.5 -60.8571 -59.5385 -42.7333 -47.6429 -53 0.53 6.87 
-38 -59.2857 -59.2857 -42.5714 -46.5714 -57.2143 7.5959 3.2622 
-37.7143 -61.6429 -61.4615 -42.8 -46.8571 -54.2857 1.19 1.38 
-39.2857 -60.2308 -60.6429 -44.0714 -48.3571 -54 2.1579 5.6364 
-40.4667 -61 -59.8462 -44.4286 -48.6429 -56.5 1.2789 2.8717 
-39.6429 -61 -61.3571 -44.1429 -48.0714 -55 5.24 5.09 
-38.3571 -58.4286 -59.5 -42.6429 -47.4286 -55.4286 10.0589 5.4412 
-37.6429 -58.6429 -59.9286 -42.7857 -46.7857 -54.8571 10.0459 5.2129 
-38.8462 -59.2143 -60.2 -43 -46.9231 -53.0714 0.77743 6.3397 
-39.0714 -58.9231 -60.9286 -43.9286 -48.5 -56 10.1503 7.0607 
-41.7857 -60.7143 -60.2857 -42.2857 -48 -61.0714 1.19 1.2599 
-40 -59.6 -60.9333 -44.5455 -48.0714 -55.2857 8.6 3.8062 
-39.0714 -57.4286 -60.1333 -42.9286 -46.7692 -55.0714 8.3454 3.6829 
-40.3333 -62.2667 -59.5385 -43.6154 -48.8462 -56.0667 1.7471 2.8396 
-40.7143 -66.3333 -60.8571 -41.5 -45.8667 -61.3333 9.8771 6.8065 
-41.7143 -65.8333 -59.9286 -42.2667 -46.8571 -60.9333 5.698 1.4062 
-39.9286 -64.4615 -62.5333 -46 -46.9333 -57.6923 5.0756 5.1306 
-41.1429 -60.4286 -62 -42.0714 -45.4286 -56.5714 0.53 6.87 
-39.8 -60.5333 -60.7857 -44 -48.3846 -55.2308 2.195 5.6467 
-40.2143 -61.5385 -59.1333 -44.0667 -48.4615 -55.6429 1.19 2.88 
-39.2857 -61.5 -60.9231 -44.0714 -47.1429 -56 5.9889 1.6806 
-38.5 -59.2143 -61 -44.5 -47.6429 -55.7143 5.3594 1.1574 
-41.8 -69.7 -59.6667 -42.1538 -46.5333 -60.4 9.9169 4.6001 
-41.1429 -59.7857 -61.2857 -42.1429 -46.1429 -57.5 0.53 6.87 
-41.9286 -69.5833 -58.9286 -42.0667 -46.7143 -59.3333 5.8479 1.5393 
-41.6429 -60.2857 -62.7692 -42.2 -47.5714 -56.0714 1.1726 5.1285 
-38.2857 -59.0714 -59.7857 -43.0714 -47.1429 -55 9.7844 4.4282 
-41.0714 -64.8333 -58.5 -42.0667 -46.4286 -58.0667 0.75499 5.6995 
-41.2 -64 -59.5 -41.4615 -47.0714 -60.1429 4.3616 0.67217 
-41.5714 -61.7857 -59.9286 -42 -47.6429 -61.7692 3.297 0.24492 
-38.4286 -59.7143 -60.9286 -43.2857 -46.7143 -56.1429 6.9606 2.658 
-41.3571 -60.3333 -61.3846 -41.5 -46.3571 -55.5714 4.4915 5.2748 
-39.0714 -61.2 -61.7333 -43.9286 -48.5385 -53.7692 5.24 5.09 
-41.4286 -65.3846 -60.8667 -43.0769 -47 -56 3.0893 4.1299 
-39.0714 -60.6 -61 -43.6923 -47.2857 -55.4286 3.9276 0.47317 
-41.9286 -66.3077 -59.7333 -41.9286 -46.5714 -59.6429 8.8177 3.9116 
-37.3571 -62.2308 -59.5333 -44.7143 -46.2143 -53.2857 5.24 5.09 
-41.5 -60.7857 -59.7143 -42 -47.7143 -60.9286 1.9234 0.31363 
-40.2143 -61.8462 -59.2143 -44.1333 -47.7143 -55.5 1.19 2.879 
-41.3333 -61.5333 -60.2667 -42.375 -45.0667 -59.9333 1.19 2.88 
-37.8571 -59.7143 -59.6429 -43.0714 -47.7857 -53.3571 0.53 6.87 
-41.7143 -65.8571 -60.8 -42.3571 -46.3077 -60.2143 8.6 3.8062 
-41.4 -67.1538 -60.1429 -42.9286 -46.1333 -59.8462 8.6 3.8062 
-38.8462 -57.7143 -60.6923 -43.6 -48.2143 -55.6667 5.6845 1.3945 
-38.8571 -61.9231 -61.7143 -44.3333 -48.3571 -55.5714 1.19 0.9407 
-41.5714 -62.6429 -60.9231 -42.2143 -45.8667 -57.8571 0.82876 6.6961 
-41.0714 -60.0714 -61.8571 -41.9286 -48 -55.3571 0.84773 5.2455 
-40.4 -61.1333 -60.7857 -44.6 -48 -56.6667 8.6 3.8062 
-41.0714 -64.3077 -60 -42.1333 -46 -59 8.6 3.8062 
-41.6429 -64.8333 -60.1429 -42.2 -45.6667 -57.6429 1.2733 2.8722 
